SigmaTable1=[0.003,0.01,0.1;0.003,0.01,0.2;0.003,0.02,0.1;];
SigmaTable2=[];
