
SigmaTable1=[0.005,0.01,0.01;0.005,0.01,0.02;0.005,0.02,0.02;];
SigmaTable2=[0.005,0.01,0.02;0.005,0.01,0.03;0.005,0.02,0.03;];