
SigmaTable1=[0.005,0.01,0.1;0.005,0.01,0.15;0.005,0.01,0.2;];
SigmaTable2=[0.005,0.01,0.1;0.005,0.01,0.15;0.005,0.01,0.2;];